{"meta":{"source_figure":"final_real_world_parabole.pdf (fig_real)","bounds":{"x_lo":-2.382922235798405,"x_hi":2.382922235798405,"y_lo":-2.2,"y_hi":4.517973745853404},"x_label":"Standardised skewness \u03b3\u2081","y_label":"Excess kurtosis \u03b3\u2082","unimodal_c":1.488,"datasets":[{"key":"glasgow","label":"Glasgow STV (city council)","color":"#0072B2"},{"key":"nswla","label":"NSW Legislative Assembly","color":"#009E73"},{"key":"voter_autrement","label":"Voter Autrement (FR online)","color":"#CC79A7"}],"notes":"Real PrefLib political profiles; per-candidate rank distribution summarised by (g1,g2) with a full best->worst histogram. Q1-Q4 are representative picks. Only complete-ranking voters are used."},"scatter":{"glasgow":{"g1":[0.5371231921166767,-0.6068947610187649,0.2726451838148989,-0.4764489730118125,-0.370051837900005,0.24420014819888564,0.31106010258877426,0.2684568570593737,-0.28217497126909874,-0.44427504273916424,0.5792066580859507,-0.6449692462850315,0.5258387655731792,-0.2915516325642575,0.40727311686424883,0.5031783974417896,0.281089264487458,-0.3493062497450675,-0.11924378219973057,0.01611802879542102,-0.20430808362909064,0.08306545019089316,0.014518518136751849,-0.4441957322894935,-0.05337295788103998,-0.5667446784686799,-0.0580968479347365,0.5849354814251533,0.6653460254422493,0.6039838308922332,-0.4526992233039471,-0.3178632073275974,-0.06356494479879833,0.4414166600437475,-0.7179595130926534,0.4917313809725732,0.4565407490055577,0.476655694241458,-0.050654254393889646,-0.05425987105345056,0.0847969578266708,0.19767449373845952,0.2147938343398228,-0.6392375053725103,0.5846030443318033,0.45788224034878505,0.3829930571579759,-0.20618731188822595,-0.415230844297134,-0.8305571211844599,0.33381270783286526,0.8032016643032135,0.09053353448317769,-0.09046515945840747,0.5526887374194063,-0.6863711428757275,0.30022515578430353,-0.17239056632676,-0.69456468774133,-0.47205969369866574,0.6250993215637264,0.31020359121728597,0.6740509968552303,0.48754509212776076,-0.14611787741596363,0.5100569268562903,0.44585357253659136,0.053287329403083984,-0.6162266683004545,-0.6369120574618052,0.3999097729512501,-0.7271116296207317,-0.10822221523380902,-0.5080886993348231,-0.40767260642690994,0.7017377299263637,-0.08314648102075674,-0.709354381503801,0.42384562721428537,-0.3464869418784983,0.5926148619625045,0.031609625597811566,0.4659910980145538,-0.7933732985442805,0.500485799629439,0.34785540735486215,0.6247075843686127,0.540763071805988,-0.23333870365029546,0.648834389541133,-0.08394509081032907,-0.1823225330970237,-0.7462369228339181,-0.5033840951401458,-0.5389636736951491,-0.27997201596725046,-0.1359474040795958,0.27758063412271033,0.5939686063876183,0.5297099532070586,-0.7780213906465099,0.30520430343034693,-0.29336682443706974,-0.4181472769994781,-0.504776858499611,-0.951465058826243,0.2787340438058602,-0.5331337440065307,0.4659382669695445,-0.4090330549359561,0.27758595951729587,0.2889095761897966,0.2672670125826738,0.5145701196946736,0.37486532985098964,0.3989825067488197,-0.33740611896643513,0.33159449987727796,0.1991033479456311,0.11555559387041583,-0.7958013187196815,-0.5868054158387842,-0.571445753906537,0.2451891072865017,0.5061737415058702,-0.11884816800957386,-0.5542891894436313,0.24006786125346818,0.27962734979594045,0.3797129801905682,0.026456848790801797,-0.36466140336342395,-0.31097231664673786,0.6001063390384209,-0.29778685235631597,0.19339750093653066,-0.6151765744709207,0.2663322032308525,-0.08994280307219846,-0.48918532591357095,0.2708715495551209,0.1562945001458588,-0.8911575612103796,-0.2523999553308059,0.5359373017016237,0.48887304595340786,-0.5064783725028486,0.49951661358572413,-0.3474819041686992,0.27542413577478864,0.8929685431633129,-0.5079044624051299,0.8755464634600278,-0.07210758471704502,-0.1601628788187926,0.6232809023483488,-0.3118759624286391,-0.41049912787911463,-0.6561716470003094,0.31471425539504805,-0.7565054375011845,0.3646586123743413,0.3785705986501112,0.381141831990562,-0.4276145698268624,0.47333495993907143,0.33415812770824194,-0.49441889600863764,-0.5317407881253132,-0.08462008687357009,-0.23634357890499175,0.681491970249942,-0.3720196544159312,0.16163129072597754,0.44122098598947807,0.10965655371552055,-0.35507160265447335,-0.2098934413930693,-0.2743766609387409,-0.8644085547851708,-0.07981539555458166,-0.1178440547367534,-0.5851603148187027,0.02602796249407341,0.5254296018379054,0.53666486655243,0.5794303450372759,0.596461374260116,-0.430906851743084,0.03484367081303814,0.23019275406837525,-0.13142183543971891,-0.7480203183371156,-0.041671104036260107,-0.22457359275018235,0.39815852656560585,0.22271065472384932,0.14195435454945432,0.17990405082791538,0.03684234267072851,-0.5693091037507719,0.5411833199328661,0.020411912760468245,-0.7127759250968557,-0.717963747276468,0.7571796018897498,0.2703582538279956,0.7316701340900089],"g2":[-0.5168379711915341,-0.8161156144487451,-1.1824267127589319,-0.44753310011408276,-1.2033486107387321,-0.9661934718831784,-1.3356823009945473,-1.0827516737645513,-1.068114038730518,-1.163375546812322,-1.0522321019939342,-0.3770095336531476,-1.0260374553775014,-1.1245408672236132,-1.0228412173196157,-1.02883532602586,-1.1813469001378953,-0.8003033708004965,-0.7887237260871549,-0.7778644743063663,-0.972447158924084,-0.9703159348613197,-1.260680862324254,-0.8795145763272227,-0.7842737989558297,-0.45829693839921637,-0.9838106807852718,-1.122955580474442,-1.0103204453704557,-1.1406203277504583,-0.8305804026361692,-0.6450638241368511,-0.9349926968815025,-1.0432663067255896,-0.48500016968810655,-1.1372753165039229,-1.009683714479421,-1.141754754353527,-1.267488612149149,-1.2080449203356531,-1.1232266962263706,-1.4140663985729933,-0.5758509281272115,-0.550098635443077,-0.9229930383507874,-0.9560743137213468,-1.1467229710781963,-0.878066542457451,-0.7923390184861989,-0.3762560848538534,-1.132676047388914,-0.5939300453324896,-0.8784524664184055,-0.8896399940820023,-0.8903700143605251,-0.3619199310002039,-1.2320686905747886,-0.8769428349491886,-0.7379562087933471,-0.9553574711085524,-0.8174926987559918,-1.3028362324439966,-0.7929213087189626,-0.6631957759776372,-0.7680111425664289,-1.0358289936830007,-1.0702679205077852,-0.8309095615362847,-0.3445370118827089,-0.4451127021036023,-1.2132824831189453,-0.578484218816588,-1.1002037555742958,-0.9666816904768916,-1.1394549740055457,-0.7086060743093672,-0.8789488554643561,-0.31244159846091213,-1.1832318319553667,-0.9166182324875312,-0.7437939086180005,-0.91799323940843,-0.7939188766959142,-0.4496522589097811,-1.0481545608897527,-0.6577924259345953,-0.8726774884445265,-0.8619456143168791,-0.7881918766316933,-0.8062883560341572,-0.8430084297427682,-1.1994933966856594,-0.4549884726950473,-0.7714654993724719,-0.8473852088964904,-1.1747880916899014,-0.7229358289881049,-1.2394793467268646,-0.6664180273084397,-0.8770114865978718,-0.4434966209028679,-1.011241212369738,-0.8484546725827968,-1.2548181674028527,-0.9449772939928169,0.6354219953812437,-0.6601904192590342,-0.6832077848678964,-0.3894395202052112,-1.1085978541564603,-1.1983379208977127,-1.2578599834075825,-1.3286778851158068,-0.616646268820904,-0.6510650941386964,-1.1780771428935546,-1.1327359920075282,-1.1136634587804533,-1.1761537916437077,-0.9876001712414064,-0.5173755812597847,-0.7135041508602415,-1.0769353465789935,-0.9184628457334343,-0.8617374470488399,-0.5859153102257006,-0.6557412668723188,-1.2016947150097783,-1.3755102145766989,-0.982563059727501,-0.9647407143704756,-1.1075708349292874,-1.335824871433837,-0.9581054204076511,-1.0118431942912316,-0.9049748921617775,-0.8555497159631811,-1.1741904141852328,-0.9155794882587935,-1.034640134564207,-1.1736839958179672,-0.8940188861190226,-0.506957161915992,-0.8586007069793644,-0.9260016809583989,-1.064418183100308,-0.8664071330924439,-0.9889945814166041,-1.0651016953786023,-0.811575309779764,-0.4538518409072587,-0.8677513973896498,-0.4794308015259592,-0.6222854066160926,-0.626040995364868,-0.7356797163760707,-0.8979138236824471,-1.070170568029928,-0.40386860327970986,-1.300710735621303,-0.2511903000006894,-0.7146244694776502,-1.0017947866687615,-1.0236344131946524,-0.6592031715976017,-0.5640894850627802,-1.2844031575937895,-0.9745360784844448,-1.011492506990959,-1.175281584249751,-0.709424808185148,-0.8957267460636351,-1.17104591010063,-1.125846231909812,-1.1964652534138098,-0.9917659343203238,-0.9178971803152725,-1.3213454619974547,-1.1390466563907327,-0.5644991433143676,-1.168617745626678,-0.5753539655781128,-0.46793525632967237,-0.847663427158428,-0.807887881134262,-0.9166149251011468,-0.9794454039668596,-0.8563199966074486,-1.0576058430416888,-1.1216419986745998,-1.3769882545788805,-1.2256891672906103,-0.4816608542640295,-0.9412355167185296,-1.0490110254470997,-1.043073236326235,-1.2606572429297396,-1.312567232009607,-1.0930096286136628,-1.2599643267385827,-0.5984006723499684,-0.7385210541298348,-0.7629313582118713,-0.09932048382044467,-0.5861878954615558,-0.9132707417054977,-0.96561487400459,-0.888418813540393],"name":["Nina Baker","Erin Boyle","Philip Braat","Dave Holladay","Akhtar Khan","Ann Laird","Craig Mackay","Gordon Matheson","Peter Murray","George Clark","Jim Coleman","Ian Dickie","Douglas Hay","Michael Kayes","Robert Macbean","John Mason","David Mcdonald","Jim Mcvicar","Raymond Morrison","Marjory Watt","Gary Barton","Alasdair Duke - Wardrop","Fiacra Fullerton","Scott Gillespie","Paul Graham","Danny Houston","Kenny Murray","George Redmond","Ruth Simpson","Alison E Thewliss","Brian Brown","James Cruickshank","Norman Fraser","Ellen   Hurcombe","David E Ledgerwood","Jim Mackechnie","Haleema Malik","Billy Mcallister","Angela Mccormick","Kirsteen Redpath","Kieran  Wild","Ruth Black","Scott R Coghill","Mark Dingwall","Iris Gibson","Matthew John Kerr","Gordon Macdiarmid","Gordon Masterton","Wullie Mcgartland","Scott Alexander Petty","Alistair Watson","Paul Carey","Eileen Margaret Cartner Duke","Mike Dyer","Jonathan Findlay","Bobby Howie","Bill Kidd","Alan Lee","Susan Mccourt","Esther Nixon","Steven Purcell","Jim Adams","Patricia Chalmers","Elaine Cooper","Drew Dickie","Frank Docherty","Jennifer Dunn","Stuart Grieve","David Johnston","John Kerr","Elaine Mcdougall","William Mclachlan","Daniel O'Donnell","Randle Wilson","Charlotte Ahmed","Liz Cameron","Sue England","Robert Findlay","Graeme Hendry","Peter Lavelle","Jean Mcfadden","James Paris","Paul Rooney","Matthew T Smith","Shaukat Butt","Michael Cobley","Stephen Dornan","John Flanagan","Alan L Hughes","Allison Hunter","Will Jess","Irene Lang","Patricia Mcintyre","George Douglas Mcnee","Carolina Perez","Keith Baldassara","Fleming Carswell","Patricia Duffy","Alex Glass","Tommy Morrison","Rory O'Brien","William O'Rourke","Caroline Scott","Alice Sheridan","John Anderson","Neil Craig","Kenneth Elder","Anthea Irwin","Abdul A Khan","Akhter Khan","Hanzala Malik","Martin Rhodes","George A Roberts","Martha Ferguson Wardrop","Paul Coleshill","James Dornan","Martin Frain","Archie Graham","Margaret Mccafferty","Neil Sloan Mcdonald","Russell Munn","James Nesbitt","Esme H Clark","Margot Clark","Sadie Docherty","Chris Lang","Harry Mcarthur","John Mckenzie","David Ritchie","Alan Stewart","Chloe Helen Stewart","Gordon Thomson","Frank Young","Alex Dingwall","John Lawson","Mary Paris","Brian Clifford Pope","Mohammed Razaq","Daryl L Tayar","Paul Wilcox","Robert Winter","Kay Allan","Charlie Baillie","Eamonn Coyle","Stephen Curran","Colin Deans","Robert Mcelroy","Jim Mcnally","Gordon Morgan","Robert W Stewart","Gilbert Davidson","John France","Gerald Leonard","Stewart Macdonald","John C Macpherson","Catherine Mcmaster","Andy Mcpake","Joanne Reilly","George Savage","Grant R Thoms","George Aytoun Atkinson","Stuart Clay","Aileen Colleran","Irene Graham","Andrew Gray","Christopher Mason","Kenny Mclean","Jimmy Ross","Richard Alan Sullivan","Ali Ashraf","Karin Currie","Khalil Malik","David Meikle","Isabel Nelson","Irfan Rabbani","Ian A Ruffell","Muhammad Shoaib","Fatima Uygun","Mick Eyre","Walter Hamilton","Wheatley Harris","David Jackson","Gordon Kirker","Catherine Maguire","Tom Mckeown","John F Mclaughlin","Euan Mcleod","George Ryan","Alex White","Danny Alderslowe","Jahangir Hanif","Rosie Kane","John B Marshall","Katy Mccloskey","Jill Mcgowan","Anne Marie Millar","Hanif Raja","James Scanlon","Margaret Bean","Graham Campbell","Graeme Dickson","Phil Greene","Patrick Mcaleer","Robert G C Sawers","Kenny Smith","Allan Stewart","John H Stuart","James Todd"],"m":[9,9,9,9,9,9,9,9,9,11,11,11,11,11,11,11,11,11,11,11,10,10,10,10,10,10,10,10,10,10,11,11,11,11,11,11,11,11,11,11,11,10,10,10,10,10,10,10,10,10,10,10,10,10,10,10,10,10,10,10,10,13,13,13,13,13,13,13,13,13,13,13,13,13,10,10,10,10,10,10,10,10,10,10,11,11,11,11,11,11,11,11,11,11,11,9,9,9,9,9,9,9,9,9,10,10,10,10,10,10,10,10,10,10,8,8,8,8,8,8,8,8,11,11,11,11,11,11,11,11,11,11,11,8,8,8,8,8,8,8,8,9,9,9,9,9,9,9,9,9,10,10,10,10,10,10,10,10,10,10,9,9,9,9,9,9,9,9,9,9,9,9,9,9,9,9,9,9,11,11,11,11,11,11,11,11,11,11,11,9,9,9,9,9,9,9,9,9,10,10,10,10,10,10,10,10,10,10],"hist":[[0.145985401459854,0.15875912408759124,0.16423357664233576,0.1624087591240876,0.1386861313868613,0.08394160583941605,0.05656934306569343,0.04927007299270073,0.040145985401459854],[0.05656934306569343,0.05474452554744526,0.072992700729927,0.07116788321167883,0.08211678832116788,0.13138686131386862,0.12043795620437957,0.13503649635036497,0.2755474452554745],[0.15145985401459855,0.1678832116788321,0.11861313868613138,0.11678832116788321,0.10218978102189781,0.09306569343065693,0.10401459854014598,0.10036496350364964,0.04562043795620438],[0.040145985401459854,0.032846715328467155,0.072992700729927,0.0948905109489051,0.14233576642335766,0.1843065693430657,0.17518248175182483,0.14233576642335766,0.11496350364963503],[0.06204379562043796,0.10583941605839416,0.09306569343065693,0.07664233576642336,0.07846715328467153,0.09306569343065693,0.1551094890510949,0.15328467153284672,0.18248175182481752],[0.13138686131386862,0.1624087591240876,0.13686131386861314,0.12956204379562045,0.15145985401459855,0.12226277372262774,0.08759124087591241,0.06386861313868614,0.014598540145985401],[0.2645985401459854,0.0948905109489051,0.11313868613138686,0.08759124087591241,0.08211678832116788,0.06934306569343066,0.08394160583941605,0.09306569343065693,0.11131386861313869],[0.12226277372262774,0.1386861313868613,0.14233576642335766,0.13138686131386862,0.11496350364963503,0.09306569343065693,0.0948905109489051,0.08576642335766424,0.07664233576642336],[0.025547445255474453,0.08394160583941605,0.08576642335766424,0.12956204379562045,0.10766423357664233,0.12956204379562045,0.12226277372262774,0.177007299270073,0.1386861313868613],[0.04801670146137787,0.06680584551148225,0.05219206680584551,0.07515657620041753,0.081419624217119,0.05845511482254697,0.08559498956158663,0.0709812108559499,0.06263048016701461,0.12108559498956159,0.2776617954070981],[0.24217118997912318,0.1315240083507307,0.14613778705636743,0.07306889352818371,0.06263048016701461,0.04175365344467641,0.05845511482254697,0.06263048016701461,0.08559498956158663,0.05219206680584551,0.04384133611691023],[0.029227557411273485,0.020876826722338204,0.03966597077244259,0.05010438413361169,0.081419624217119,0.11691022964509394,0.10020876826722339,0.13569937369519833,0.1315240083507307,0.20041753653444677,0.09394572025052192],[0.10647181628392484,0.20668058455114824,0.12526096033402923,0.11482254697286012,0.07515657620041753,0.07306889352818371,0.05010438413361169,0.0709812108559499,0.05845511482254697,0.08768267223382047,0.031315240083507306],[0.06471816283924843,0.054279749478079335,0.06889352818371608,0.07724425887265135,0.08559498956158663,0.10647181628392484,0.0709812108559499,0.08559498956158663,0.11482254697286012,0.11691022964509394,0.1544885177453027],[0.05845511482254697,0.081419624217119,0.24008350730688935,0.08559498956158663,0.10020876826722339,0.06680584551148225,0.0918580375782881,0.07306889352818371,0.08559498956158663,0.03966597077244259,0.07724425887265135],[0.3089770354906054,0.07933194154488518,0.04175365344467641,0.1336116910229645,0.08977035490605428,0.05636743215031315,0.06263048016701461,0.0709812108559499,0.04592901878914405,0.06680584551148225,0.04384133611691023],[0.025052192066805846,0.2588726513569937,0.07515657620041753,0.05636743215031315,0.11482254697286012,0.09603340292275574,0.09394572025052192,0.07933194154488518,0.081419624217119,0.06471816283924843,0.054279749478079335],[0.03966597077244259,0.037578288100208766,0.07933194154488518,0.08977035490605428,0.060542797494780795,0.12108559498956159,0.1440501043841336,0.11691022964509394,0.14822546972860126,0.10020876826722339,0.06263048016701461],[0.029227557411273485,0.033402922755741124,0.06263048016701461,0.10020876826722339,0.15031315240083507,0.09812108559498957,0.1440501043841336,0.11899791231732777,0.10020876826722339,0.09394572025052192,0.06889352818371608],[0.04801670146137787,0.029227557411273485,0.06889352818371608,0.1440501043841336,0.09812108559498957,0.1649269311064718,0.09812108559498957,0.11482254697286012,0.08559498956158663,0.05636743215031315,0.0918580375782881],[0.028125,0.053125,0.08125,0.09375,0.10625,0.15,0.11875,0.103125,0.084375,0.18125],[0.040625,0.078125,0.103125,0.146875,0.15,0.109375,0.109375,0.090625,0.103125,0.06875],[0.071875,0.078125,0.1375,0.08125,0.125,0.0875,0.0875,0.078125,0.090625,0.1625],[0.040625,0.03125,0.09375,0.0875,0.065625,0.1125,0.134375,0.128125,0.14375,0.1625],[0.0625,0.065625,0.090625,0.16875,0.1125,0.159375,0.128125,0.125,0.053125,0.034375],[0.028125,0.04375,0.04375,0.0625,0.121875,0.11875,0.146875,0.16875,0.159375,0.10625],[0.03125,0.078125,0.103125,0.121875,0.14375,0.125,0.121875,0.115625,0.11875,0.040625],[0.3125,0.121875,0.115625,0.06875,0.059375,0.053125,0.053125,0.075,0.09375,0.046875],[0.09375,0.33125,0.0875,0.096875,0.06875,0.053125,0.040625,0.059375,0.084375,0.084375],[0.290625,0.11875,0.14375,0.071875,0.046875,0.03125,0.059375,0.05625,0.06875,0.1125],[0.021739130434782608,0.04891304347826087,0.04619565217391304,0.04619565217391304,0.11141304347826086,0.08967391304347826,0.10326086956521739,0.11684782608695653,0.09239130434782608,0.13858695652173914,0.18478260869565216],[0.019021739130434784,0.03260869565217391,0.04076086956521739,0.07880434782608696,0.09782608695652174,0.14402173913043478,0.14673913043478262,0.10326086956521739,0.1331521739130435,0.12771739130434784,0.07608695652173914],[0.07065217391304347,0.08152173913043478,0.08152173913043478,0.09782608695652174,0.14673913043478262,0.12228260869565218,0.10597826086956522,0.11956521739130435,0.10326086956521739,0.05434782608695652,0.016304347826086956],[0.21195652173913043,0.125,0.125,0.08152173913043478,0.07880434782608696,0.07608695652173914,0.08695652173913043,0.07608695652173914,0.06521739130434782,0.04619565217391304,0.02717391304347826],[0.035326086956521736,0.04076086956521739,0.04076086956521739,0.051630434782608696,0.057065217391304345,0.07608695652173914,0.09510869565217392,0.13043478260869565,0.13043478260869565,0.15217391304347827,0.19021739130434784],[0.09239130434782608,0.2391304347826087,0.11413043478260869,0.11684782608695653,0.057065217391304345,0.057065217391304345,0.0625,0.08695652173913043,0.059782608695652176,0.09239130434782608,0.021739130434782608],[0.05434782608695652,0.08152173913043478,0.22554347826086957,0.11413043478260869,0.11141304347826086,0.059782608695652176,0.06521739130434782,0.07065217391304347,0.09239130434782608,0.03260869565217391,0.09239130434782608],[0.30434782608695654,0.07065217391304347,0.051630434782608696,0.12771739130434784,0.05434782608695652,0.07608695652173914,0.059782608695652176,0.043478260869565216,0.06521739130434782,0.03804347826086957,0.10869565217391304],[0.08695652173913043,0.08152173913043478,0.09239130434782608,0.08423913043478261,0.09510869565217392,0.09782608695652174,0.08152173913043478,0.06793478260869565,0.08695652173913043,0.1358695652173913,0.08967391304347826],[0.03260869565217391,0.11684782608695653,0.07608695652173914,0.09239130434782608,0.11141304347826086,0.06793478260869565,0.10869565217391304,0.10326086956521739,0.09239130434782608,0.10326086956521739,0.09510869565217392],[0.07065217391304347,0.08152173913043478,0.10597826086956522,0.10869565217391304,0.07880434782608696,0.1331521739130435,0.08423913043478261,0.08152173913043478,0.07880434782608696,0.07880434782608696,0.09782608695652174],[0.19089574155653452,0.11894273127753303,0.07048458149779736,0.09691629955947137,0.09104258443465492,0.06167400881057269,0.06607929515418502,0.05433186490455213,0.07048458149779736,0.17914831130690162],[0.03671071953010279,0.07195301027900147,0.11160058737151249,0.17180616740088106,0.18355359765051396,0.13656387665198239,0.11747430249632893,0.06901615271659324,0.06461086637298091,0.03671071953010279],[0.02643171806167401,0.04698972099853157,0.05873715124816446,0.049926578560939794,0.09691629955947137,0.10719530102790015,0.11894273127753303,0.17033773861967694,0.17474302496328928,0.14977973568281938],[0.2657856093979442,0.13362701908957417,0.1013215859030837,0.10572687224669604,0.07342143906020558,0.07048458149779736,0.08076358296622614,0.048458149779735685,0.05286343612334802,0.06754772393538913],[0.14977973568281938,0.15859030837004406,0.16152716593245228,0.11160058737151249,0.09544787077826726,0.08076358296622614,0.07342143906020558,0.09544787077826726,0.05286343612334802,0.020558002936857563],[0.08223201174743025,0.2143906020558003,0.1395007342143906,0.1027900146842878,0.07342143906020558,0.08957415565345081,0.09251101321585903,0.08223201174743025,0.08663729809104258,0.03671071953010279],[0.030837004405286344,0.08223201174743025,0.08223201174743025,0.10866372980910426,0.11013215859030837,0.15712187958883994,0.14684287812041116,0.13215859030837004,0.10425844346549193,0.04552129221732746],[0.024963289280469897,0.05286343612334802,0.07195301027900147,0.0881057268722467,0.10866372980910426,0.12334801762114538,0.13069016152716592,0.17180616740088106,0.15418502202643172,0.07342143906020558],[0.04405286343612335,0.04552129221732746,0.03671071953010279,0.042584434654919234,0.0763582966226138,0.09691629955947137,0.09985315712187959,0.1145374449339207,0.18208516886930984,0.26138032305433184],[0.14831130690161526,0.07488986784140969,0.16593245227606462,0.12187958883994127,0.09104258443465492,0.0763582966226138,0.07342143906020558,0.06167400881057269,0.05726872246696035,0.12922173274596183],[0.2826923076923077,0.17692307692307693,0.125,0.07307692307692308,0.06923076923076923,0.06923076923076923,0.05576923076923077,0.05576923076923077,0.038461538461538464,0.05384615384615385],[0.03653846153846154,0.07692307692307693,0.09807692307692308,0.1576923076923077,0.14807692307692308,0.125,0.11923076923076924,0.08846153846153847,0.09423076923076923,0.05576923076923077],[0.03076923076923077,0.05961538461538462,0.10192307692307692,0.1076923076923077,0.1596153846153846,0.13653846153846153,0.10961538461538461,0.13846153846153847,0.10192307692307692,0.05384615384615385],[0.07692307692307693,0.2173076923076923,0.18076923076923077,0.12115384615384615,0.08461538461538462,0.07307692307692308,0.08269230769230769,0.08076923076923077,0.06538461538461539,0.01730769230769231],[0.028846153846153848,0.04230769230769231,0.04038461538461539,0.05384615384615385,0.08846153846153847,0.12692307692307692,0.12307692307692308,0.16538461538461538,0.16923076923076924,0.16153846153846155],[0.25769230769230766,0.08846153846153847,0.07307692307692308,0.11153846153846154,0.06346153846153846,0.10192307692307692,0.09038461538461538,0.06538461538461539,0.07307692307692308,0.075],[0.06153846153846154,0.075,0.07884615384615384,0.12692307692307692,0.14807692307692308,0.12692307692307692,0.14807692307692308,0.11730769230769231,0.09807692307692308,0.019230769230769232],[0.03076923076923077,0.07115384615384615,0.05,0.05576923076923077,0.07115384615384615,0.07307692307692308,0.11538461538461539,0.1076923076923077,0.17307692307692307,0.2519230769230769],[0.021153846153846155,0.05961538461538462,0.05384615384615385,0.1,0.08461538461538462,0.08461538461538462,0.11538461538461539,0.11923076923076924,0.13846153846153847,0.2230769230769231],[0.17307692307692307,0.1326923076923077,0.19807692307692307,0.09230769230769231,0.08269230769230769,0.08269230769230769,0.04038461538461539,0.06153846153846154,0.04807692307692308,0.08846153846153847],[0.08870967741935484,0.10483870967741936,0.0967741935483871,0.10483870967741936,0.09274193548387097,0.0846774193548387,0.04032258064516129,0.04838709677419355,0.03225806451612903,0.056451612903225805,0.04435483870967742,0.06451612903225806,0.14112903225806453],[0.15725806451612903,0.12903225806451613,0.14919354838709678,0.10887096774193548,0.06048387096774194,0.07258064516129033,0.036290322580645164,0.06451612903225806,0.028225806451612902,0.04435483870967742,0.06854838709677419,0.020161290322580645,0.06048387096774194],[0.056451612903225805,0.11693548387096774,0.10080645161290322,0.13709677419354838,0.0967741935483871,0.08064516129032258,0.14112903225806453,0.06048387096774194,0.04838709677419355,0.04032258064516129,0.036290322580645164,0.056451612903225805,0.028225806451612902],[0.016129032258064516,0.020161290322580645,0.05241935483870968,0.06854838709677419,0.10080645161290322,0.10080645161290322,0.12096774193548387,0.10887096774193548,0.12096774193548387,0.0967741935483871,0.0967741935483871,0.06854838709677419,0.028225806451612902],[0.10483870967741936,0.18951612903225806,0.12096774193548387,0.06854838709677419,0.056451612903225805,0.0967741935483871,0.06451612903225806,0.04435483870967742,0.056451612903225805,0.04435483870967742,0.056451612903225805,0.06854838709677419,0.028225806451612902],[0.3064516129032258,0.06854838709677419,0.036290322580645164,0.056451612903225805,0.09274193548387097,0.09274193548387097,0.06451612903225806,0.05241935483870968,0.04032258064516129,0.07258064516129033,0.04435483870967742,0.04435483870967742,0.028225806451612902],[0.08064516129032258,0.06854838709677419,0.06854838709677419,0.0846774193548387,0.10887096774193548,0.11693548387096774,0.09274193548387097,0.11693548387096774,0.10887096774193548,0.04032258064516129,0.06451612903225806,0.03225806451612903,0.016129032258064516],[0.020161290322580645,0.03225806451612903,0.036290322580645164,0.036290322580645164,0.06048387096774194,0.05241935483870968,0.0846774193548387,0.125,0.1532258064516129,0.10080645161290322,0.14919354838709678,0.10080645161290322,0.04838709677419355],[0.020161290322580645,0.028225806451612902,0.028225806451612902,0.04838709677419355,0.05241935483870968,0.06854838709677419,0.0846774193548387,0.07258064516129033,0.13306451612903225,0.13709677419354838,0.12096774193548387,0.14919354838709678,0.056451612903225805],[0.09274193548387097,0.11693548387096774,0.16129032258064516,0.10483870967741936,0.0967741935483871,0.03225806451612903,0.04838709677419355,0.04838709677419355,0.05241935483870968,0.10080645161290322,0.08064516129032258,0.04032258064516129,0.024193548387096774],[0.020161290322580645,0.024193548387096774,0.016129032258064516,0.028225806451612902,0.06048387096774194,0.08870967741935484,0.056451612903225805,0.06451612903225806,0.04435483870967742,0.09274193548387097,0.10080645161290322,0.11693548387096774,0.2862903225806452],[0.024193548387096774,0.056451612903225805,0.07661290322580645,0.10080645161290322,0.06854838709677419,0.06451612903225806,0.10483870967741936,0.10887096774193548,0.09274193548387097,0.07661290322580645,0.08870967741935484,0.10887096774193548,0.028225806451612902],[0.012096774193548387,0.04435483870967742,0.056451612903225805,0.05241935483870968,0.05241935483870968,0.04838709677419355,0.06048387096774194,0.0846774193548387,0.08870967741935484,0.0967741935483871,0.04838709677419355,0.12903225806451613,0.22580645161290322],[0.06538461538461539,0.07884615384615384,0.06153846153846154,0.07884615384615384,0.075,0.09423076923076923,0.09807692307692308,0.08653846153846154,0.14038461538461539,0.22115384615384615],[0.22115384615384615,0.17692307692307693,0.13653846153846153,0.10384615384615385,0.07115384615384615,0.0673076923076923,0.06538461538461539,0.05384615384615385,0.05,0.05384615384615385],[0.07307692307692308,0.08269230769230769,0.08461538461538462,0.11153846153846154,0.1576923076923077,0.14423076923076922,0.10384615384615385,0.1346153846153846,0.06923076923076923,0.038461538461538464],[0.019230769230769232,0.023076923076923078,0.057692307692307696,0.06538461538461539,0.075,0.09230769230769231,0.16538461538461538,0.1673076923076923,0.18846153846153846,0.14615384615384616],[0.275,0.1076923076923077,0.0673076923076923,0.11153846153846154,0.07692307692307693,0.0673076923076923,0.075,0.0673076923076923,0.06153846153846154,0.09038461538461538],[0.009615384615384616,0.07307692307692308,0.06923076923076923,0.09615384615384616,0.09807692307692308,0.12884615384615383,0.125,0.175,0.14038461538461539,0.08461538461538462],[0.08269230769230769,0.24807692307692308,0.18653846153846154,0.08846153846153847,0.11346153846153846,0.075,0.1,0.06923076923076923,0.025,0.011538461538461539],[0.05,0.09423076923076923,0.10576923076923077,0.1519230769230769,0.1326923076923077,0.15384615384615385,0.11153846153846154,0.08653846153846154,0.10192307692307692,0.011538461538461539],[0.16923076923076924,0.07884615384615384,0.19807692307692307,0.14038461538461539,0.10576923076923077,0.07692307692307693,0.06923076923076923,0.07692307692307693,0.05961538461538462,0.025],[0.03461538461538462,0.03653846153846154,0.032692307692307694,0.051923076923076926,0.09423076923076923,0.1,0.08653846153846154,0.08269230769230769,0.16346153846153846,0.3173076923076923],[0.13821138211382114,0.10840108401084012,0.19241192411924118,0.10298102981029811,0.06233062330623306,0.07317073170731707,0.04607046070460705,0.07317073170731707,0.05962059620596206,0.04878048780487805,0.0948509485094851],[0.056910569105691054,0.10840108401084012,0.10840108401084012,0.14092140921409213,0.15176151761517614,0.13821138211382114,0.08130081300813008,0.06504065040650407,0.07317073170731707,0.04065040650406504,0.03523035230352303],[0.16802168021680217,0.19241192411924118,0.11924119241192412,0.10569105691056911,0.07588075880758807,0.06504065040650407,0.06233062330623306,0.04607046070460705,0.06233062330623306,0.06775067750677506,0.03523035230352303],[0.12737127371273713,0.15176151761517614,0.14092140921409213,0.12466124661246612,0.0948509485094851,0.06775067750677506,0.05962059620596206,0.06775067750677506,0.07317073170731707,0.037940379403794036,0.05420054200542006],[0.013550135501355014,0.04065040650406504,0.05420054200542006,0.056910569105691054,0.13550135501355012,0.11653116531165311,0.14634146341463414,0.10298102981029811,0.11653116531165311,0.11382113821138211,0.10298102981029811],[0.31978319783197834,0.07859078590785908,0.07317073170731707,0.10569105691056911,0.1002710027100271,0.07588075880758807,0.032520325203252036,0.06233062330623306,0.04065040650406504,0.04065040650406504,0.07046070460704607],[0.02710027100271003,0.0975609756097561,0.08130081300813008,0.0975609756097561,0.0948509485094851,0.13821138211382114,0.16802168021680217,0.11924119241192412,0.08401084010840108,0.05962059620596206,0.032520325203252036],[0.051490514905149054,0.11382113821138211,0.07046070460704607,0.08130081300813008,0.07046070460704607,0.07317073170731707,0.0975609756097561,0.14634146341463414,0.0921409214092141,0.0921409214092141,0.1111111111111111],[0.04065040650406504,0.04065040650406504,0.04607046070460705,0.04607046070460705,0.06504065040650407,0.06233062330623306,0.0921409214092141,0.13821138211382114,0.15718157181571815,0.15989159891598917,0.15176151761517614],[0.037940379403794036,0.024390243902439025,0.06233062330623306,0.07859078590785908,0.07588075880758807,0.08401084010840108,0.13550135501355012,0.08401084010840108,0.13279132791327913,0.1897018970189702,0.0948509485094851],[0.018970189701897018,0.04336043360433604,0.051490514905149054,0.05962059620596206,0.07317073170731707,0.10569105691056911,0.07859078590785908,0.0948509485094851,0.10840108401084012,0.14905149051490515,0.21680216802168023],[0.08560311284046693,0.11154345006485085,0.06355382619974059,0.09857328145265888,0.10894941634241245,0.11932555123216602,0.1219195849546044,0.16990920881971466,0.12062256809338522],[0.05058365758754864,0.07782101167315175,0.09857328145265888,0.1504539559014267,0.1880674448767834,0.16861219195849547,0.11932555123216602,0.11284046692607004,0.03372243839169909],[0.26329442282749677,0.11284046692607004,0.06744487678339818,0.10246433203631647,0.10765239948119326,0.10635538261997406,0.09727626459143969,0.06874189364461739,0.07392996108949416],[0.16861219195849547,0.18417639429312582,0.19844357976653695,0.11932555123216602,0.08171206225680934,0.0946822308690013,0.08690012970168612,0.040207522697795074,0.02594033722438392],[0.13878080415045396,0.2140077821011673,0.16342412451361868,0.11543450064850844,0.10246433203631647,0.08171206225680934,0.07133592736705577,0.08949416342412451,0.023346303501945526],[0.05966277561608301,0.040207522697795074,0.042801556420233464,0.07652399481193256,0.08300907911802853,0.11543450064850844,0.1608300907911803,0.13229571984435798,0.2892347600518807],[0.11024643320363164,0.10635538261997406,0.21011673151750973,0.1219195849546044,0.10635538261997406,0.0946822308690013,0.10376134889753567,0.08171206225680934,0.0648508430609598],[0.03501945525291829,0.06355382619974059,0.08819714656290532,0.1219195849546044,0.14007782101167315,0.14396887159533073,0.1582360570687419,0.14785992217898833,0.10116731517509728],[0.08819714656290532,0.08949416342412451,0.06744487678339818,0.0933852140077821,0.08171206225680934,0.07522697795071336,0.08041504539559015,0.1569390402075227,0.26718547341115434],[0.06701940035273368,0.04938271604938271,0.06349206349206349,0.059964726631393295,0.09347442680776014,0.09171075837742504,0.1164021164021164,0.08818342151675485,0.12874779541446207,0.24162257495590828],[0.008818342151675485,0.01763668430335097,0.02292768959435626,0.03350970017636684,0.06172839506172839,0.10758377425044091,0.1746031746031746,0.18518518518518517,0.2292768959435626,0.15873015873015872],[0.13932980599647266,0.09523809523809523,0.1657848324514991,0.14462081128747795,0.14462081128747795,0.13756613756613756,0.07936507936507936,0.06525573192239859,0.014109347442680775,0.014109347442680775],[0.01763668430335097,0.042328042328042326,0.06701940035273368,0.08818342151675485,0.08641975308641975,0.1164021164021164,0.13756613756613756,0.17989417989417988,0.18694885361552027,0.07760141093474426],[0.059964726631393295,0.15343915343915343,0.16225749559082892,0.18165784832451498,0.15520282186948853,0.1164021164021164,0.07407407407407407,0.06172839506172839,0.019400352733686066,0.015873015873015872],[0.0564373897707231,0.08465608465608465,0.07231040564373897,0.07583774250440917,0.07054673721340388,0.07760141093474426,0.12522045855379188,0.11992945326278659,0.13932980599647266,0.1781305114638448],[0.13580246913580246,0.14462081128747795,0.11816578483245149,0.10934744268077601,0.09876543209876543,0.07760141093474426,0.07760141093474426,0.08994708994708994,0.09700176366843033,0.05114638447971781],[0.13580246913580246,0.1693121693121693,0.10582010582010581,0.09347442680776014,0.08289241622574955,0.08465608465608465,0.07936507936507936,0.07231040564373897,0.09700176366843033,0.07936507936507936],[0.2257495590828924,0.08818342151675485,0.10758377425044091,0.09347442680776014,0.06172839506172839,0.08289241622574955,0.06525573192239859,0.09171075837742504,0.0564373897707231,0.12698412698412698],[0.15343915343915343,0.15520282186948853,0.1146384479717813,0.11992945326278659,0.14462081128747795,0.10758377425044091,0.07054673721340388,0.04585537918871252,0.031746031746031744,0.0564373897707231],[0.13021363173957273,0.19125127161749747,0.17497456765005087,0.1943031536113937,0.14242115971515767,0.08850457782299084,0.05798575788402848,0.02034587995930824],[0.3031536113936928,0.10986775178026449,0.11800610376398779,0.0935910478128179,0.1190233977619532,0.09460834181078331,0.0844354018311292,0.07731434384537131],[0.059003051881993895,0.09766022380467955,0.10681586978636826,0.11393692777212615,0.11393692777212615,0.1373346897253306,0.15564598168870802,0.21566632756866735],[0.21770091556459817,0.15768056968463887,0.14038657171922686,0.13123092573753814,0.10986775178026449,0.10986775178026449,0.10376398779247202,0.029501525940996948],[0.08545269582909461,0.21566632756866735,0.11495422177009156,0.13021363173957273,0.14140386571719227,0.10783316378433368,0.11393692777212615,0.09053916581892167],[0.11698880976602238,0.12512716174974567,0.18311291963377416,0.14038657171922686,0.14445574771108852,0.15768056968463887,0.08545269582909461,0.04679552390640895],[0.06917599186164802,0.03763987792472025,0.06510681586978637,0.09053916581892167,0.10986775178026449,0.13123092573753814,0.14140386571719227,0.3550356052899288],[0.018311291963377416,0.06510681586978637,0.09664292980671414,0.10579857578840285,0.1190233977619532,0.17293997965412003,0.25737538148524924,0.16480162767039674],[0.07390300230946882,0.053117782909930716,0.06004618937644342,0.04849884526558892,0.06928406466512702,0.07390300230946882,0.046189376443418015,0.06928406466512702,0.08314087759815242,0.15473441108545036,0.2678983833718245],[0.10854503464203233,0.10623556581986143,0.10392609699769054,0.12471131639722864,0.14087759815242495,0.10854503464203233,0.08314087759815242,0.08083140877598152,0.06928406466512702,0.06004618937644342,0.013856812933025405],[0.15704387990762125,0.13625866050808313,0.14087759815242495,0.10392609699769054,0.09237875288683603,0.09468822170900693,0.06235565819861432,0.06466512702078522,0.06466512702078522,0.046189376443418015,0.03695150115473441],[0.02771362586605081,0.04849884526558892,0.06235565819861432,0.11547344110854503,0.13163972286374134,0.14780600461893764,0.15935334872979215,0.12702078521939955,0.10161662817551963,0.04849884526558892,0.03002309468822171],[0.03002309468822171,0.04849884526558892,0.03695150115473441,0.06235565819861432,0.08314087759815242,0.07159353348729793,0.11778290993071594,0.13856812933025403,0.11778290993071594,0.13625866050808313,0.15704387990762125],[0.14318706697459585,0.13163972286374134,0.13625866050808313,0.06466512702078522,0.06466512702078522,0.11085450346420324,0.09699769053117784,0.08314087759815242,0.08083140877598152,0.06466512702078522,0.023094688221709007],[0.24480369515011546,0.10854503464203233,0.07852193995381063,0.06928406466512702,0.06235565819861432,0.04849884526558892,0.06928406466512702,0.09237875288683603,0.08775981524249422,0.06004618937644342,0.07852193995381063],[0.07390300230946882,0.12933025404157045,0.15242494226327943,0.13625866050808313,0.08314087759815242,0.07621247113163972,0.09699769053117784,0.08314087759815242,0.06928406466512702,0.053117782909930716,0.046189376443418015],[0.046189376443418015,0.06004618937644342,0.09237875288683603,0.13856812933025403,0.11085450346420324,0.13163972286374134,0.09006928406466513,0.09699769053117784,0.12471131639722864,0.06466512702078522,0.04387990762124711],[0.02771362586605081,0.07852193995381063,0.06466512702078522,0.07390300230946882,0.10623556581986143,0.06235565819861432,0.10392609699769054,0.09237875288683603,0.11778290993071594,0.20092378752886836,0.07159353348729793],[0.06697459584295612,0.09930715935334873,0.07159353348729793,0.06235565819861432,0.05542725173210162,0.07390300230946882,0.07390300230946882,0.07159353348729793,0.08314087759815242,0.11085450346420324,0.23094688221709006],[0.3040877367896311,0.14356929212362912,0.13160518444666003,0.11365902293120637,0.06380857427716849,0.0847457627118644,0.06779661016949153,0.09072781655034895],[0.03489531405782652,0.09072781655034895,0.13260219341974078,0.12562313060817548,0.1365902293120638,0.16849451645064806,0.20837487537387836,0.10269192422731804],[0.14257228315054835,0.1585244267198405,0.15653040877367896,0.18045862412761715,0.15952143569292124,0.11365902293120637,0.07178464606181456,0.01694915254237288],[0.08075772681954138,0.06580259222333001,0.06580259222333001,0.08873379860418744,0.12861415752741776,0.12362911266201396,0.14556331006979062,0.30109670987038883],[0.14057826520438685,0.1984047856430708,0.128